  1        1   (8)     10 :  0.0198 0.9802 
  2        2   (7)     10 :  0.0118 0.9882 
  3        3  (10)     10 :  0.0429 0.9571 
  4        4   (9)     10 :  0.2590 0.7410 
  5        5  (13)     10 :  0.3489 0.6511 
  6        6  (13)     10 :  0.1774 0.8226 
  7        7   (8)     10 :  0.0221 0.9779 
  8        8   (0)      1 :  0.5657 0.4343 
  9        9   (7)      1 :  0.0122 0.9878 
 10       10   (7)      1 :  0.0129 0.9871 
 11       11   (7)      1 :  0.2272 0.7728 
 12       12  (10)      1 :  0.0179 0.9821 
 13       13   (6)      1 :  0.0444 0.9556 
 14       14   (4)      1 :  0.0113 0.9887 
 15       15  (10)      1 :  0.1119 0.8881 
 16       16   (8)      1 :  0.0572 0.9428 
 17       17   (3)      1 :  0.0662 0.9338 
 18       18  (10)      1 :  0.0116 0.9884 
 19       19   (7)      1 :  0.0167 0.9833 
 20       20  (12)      1 :  0.1982 0.8018 
 21       21   (9)      1 :  0.0771 0.9229 
 22       22   (4)      2 :  0.2375 0.7625 
 23       23  (18)      2 :  0.1036 0.8964 
 24       24   (5)      2 :  0.2426 0.7574 
 25       25   (6)      2 :  0.0134 0.9866 
 26       26   (3)      2 :  0.1851 0.8149 
 27       27   (7)      2 :  0.1389 0.8611 
 28       28   (7)      2 :  0.1609 0.8391 
 29       29   (9)      2 :  0.0894 0.9106 
 30       30   (4)      2 :  0.0149 0.9851 
 31       31  (10)      2 :  0.0359 0.9641 
 32       32   (4)      2 :  0.0111 0.9889 
 33       33  (12)      2 :  0.1405 0.8595 
 34       34  (11)      2 :  0.0134 0.9866 
 35       35   (4)      2 :  0.0112 0.9888 
 36       36   (9)      2 :  0.0119 0.9881 
 37       37   (9)      2 :  0.0128 0.9872 
 38       38   (4)      2 :  0.0756 0.9244 
 39       39   (0)      3 :  0.5519 0.4481 
 40       40   (7)      3 :  0.0123 0.9877 
 41       41  (15)      3 :  0.0275 0.9725 
 42       42   (8)      3 :  0.7412 0.2588 
 43       43   (4)      3 :  0.0128 0.9872 
 44       44   (3)      3 :  0.0419 0.9581 
 45       45   (8)      3 :  0.0671 0.9329 
 46       46   (4)      3 :  0.0114 0.9886 
 47       47   (3)      3 :  0.0145 0.9855 
 48       48   (4)      3 :  0.0229 0.9771 
 49       49   (6)      3 :  0.0113 0.9887 
 50       50   (3)      3 :  0.0769 0.9231 
 51       51   (9)      3 :  0.0129 0.9871 
 52       52  (10)      3 :  0.1044 0.8956 
 53       53   (8)      3 :  0.2529 0.7471 
 54       54  (13)      3 :  0.4325 0.5675 
 55       55   (5)      3 :  0.0447 0.9553 
 56       56   (8)      3 :  0.0120 0.9880 
 57       57   (7)      3 :  0.1810 0.8190 
 58       58   (5)      3 :  0.0116 0.9884 
 59       59   (4)      4 :  0.0112 0.9888 
 60       60   (3)      4 :  0.0110 0.9890 
 61       61  (18)      4 :  0.0173 0.9827 
 62       62   (9)      4 :  0.0826 0.9174 
 63       63  (12)      4 :  0.0159 0.9841 
 64       64   (7)      4 :  0.0196 0.9804 
 65       65   (8)      4 :  0.0130 0.9870 
 66       66   (7)      4 :  0.0123 0.9877 
 67       67   (0)      4 :  0.9783 0.0217 
 68       68   (0)      4 :  0.4780 0.5220 
 69       69   (6)      4 :  0.0111 0.9889 
 70       70   (4)      4 :  0.0109 0.9891 
 71       71   (9)      5 :  0.0875 0.9125 
 72       72   (7)      5 :  0.0119 0.9881 
 73       73   (8)      5 :  0.0118 0.9882 
 74       74   (8)      5 :  0.0131 0.9869 
 75       75   (3)      5 :  0.0733 0.9267 
 76       76   (7)      5 :  0.0133 0.9867 
 77       77  (12)      5 :  0.0138 0.9862 
 78       78   (3)      5 :  0.0110 0.9890 
 79       79   (8)      5 :  0.0120 0.9880 
 80       80  (10)      5 :  0.0120 0.9880 
 81       81  (10)      5 :  0.2154 0.7846 
 82       82   (8)      5 :  0.0140 0.9860 
 83       83   (3)      5 :  0.0232 0.9768 
 84       84   (8)      5 :  0.2600 0.7400 
 85       85   (8)      5 :  0.0498 0.9502 
 86       86   (7)      5 :  0.0121 0.9879 
 87       87   (8)      6 :  0.0551 0.9449 
 88       88   (4)      6 :  0.0757 0.9243 
 89       89   (1)      6 :  0.0840 0.9160 
 90       90   (4)      6 :  0.0113 0.9887 
 91       91   (3)      6 :  0.0150 0.9850 
 92       92   (8)      6 :  0.0369 0.9631 
 93       93   (8)      6 :  0.0119 0.9881 
 94       94   (6)      6 :  0.0109 0.9891 
 95       95   (4)      6 :  0.0164 0.9836 
 96       96   (5)      6 :  0.0112 0.9888 
 97       97   (0)      6 :  0.9269 0.0731 
 98       98   (7)      6 :  0.0112 0.9888 
 99       99   (7)      6 :  0.0122 0.9878 
100      100   (3)      6 :  0.0111 0.9889 
101      101   (2)      6 :  0.0102 0.9898 
102      102   (6)      6 :  0.0121 0.9879 
103      103  (11)      6 :  0.0230 0.9770 
104      104  (13)      6 :  0.0674 0.9326 
105      105   (1)      6 :  0.0103 0.9897 
106      106   (2)      6 :  0.0111 0.9889 
107      107   (4)      7 :  0.0333 0.9667 
108      108  (12)      7 :  0.0130 0.9870 
109      109   (8)      7 :  0.0155 0.9845 
110      110   (3)      7 :  0.0129 0.9871 
111      111   (5)      7 :  0.0110 0.9890 
112      112   (6)      7 :  0.2416 0.7584 
113      113   (7)      7 :  0.0326 0.9674 
114      114   (4)      7 :  0.0325 0.9675 
115      115   (6)      7 :  0.0175 0.9825 
116      116   (4)      7 :  0.0485 0.9515 
117      117   (7)      7 :  0.0144 0.9856 
118      118   (0)      7 :  0.3466 0.6534 
119      119  (10)      7 :  0.0973 0.9027 
120      120   (4)      7 :  0.0275 0.9725 
121      121   (2)      7 :  0.0138 0.9862 
122      122   (9)      7 :  0.0443 0.9557 
123      123   (3)      7 :  0.0306 0.9694 
124      124  (11)      7 :  0.0365 0.9635 
125      125   (5)      8 :  0.0109 0.9891 
126      126   (4)      8 :  0.2829 0.7171 
127      127   (8)      8 :  0.0122 0.9878 
128      128   (5)      8 :  0.0125 0.9875 
129      129   (6)      8 :  0.0129 0.9871 
130      130   (7)      8 :  0.0246 0.9754 
131      131  (13)      8 :  0.0663 0.9337 
132      132   (5)      8 :  0.0123 0.9877 
133      133   (7)      8 :  0.0286 0.9714 
134      134   (5)      8 :  0.0144 0.9856 
135      135   (6)      8 :  0.0115 0.9885 
136      136   (6)      8 :  0.0123 0.9877 
137      137   (7)      8 :  0.0348 0.9652 
138      138   (6)      8 :  0.0739 0.9261 
139      139   (4)      8 :  0.0133 0.9867 
140      140  (12)      8 :  0.1583 0.8417 
141      141   (2)      8 :  0.0123 0.9877 
142      142   (4)      8 :  0.0687 0.9313 
143      143   (3)      8 :  0.0120 0.9880 
144      144   (8)      8 :  0.0140 0.9860 
145      145  (10)      8 :  0.0400 0.9600 
146      146   (8)      8 :  0.0146 0.9854 
147      147   (4)      8 :  0.0220 0.9780 
148      148   (3)      8 :  0.0218 0.9782 
149      149   (4)      8 :  0.0347 0.9653 
150      150   (3)      8 :  0.0198 0.9802 
151      151  (12)      8 :  0.0591 0.9409 
152      152   (3)      8 :  0.0121 0.9879 
153      153   (8)      8 :  0.0116 0.9884 
154      154   (6)      8 :  0.0139 0.9861 
155      155   (3)      8 :  0.0120 0.9880 
156      156   (8)      8 :  0.0247 0.9753 
157      157  (13)     80 :  0.7982 0.2018 
158      158   (0)     80 :  0.9684 0.0316 
159      159  (10)     80 :  0.6751 0.3249 
160      160  (12)     80 :  0.7057 0.2943 
161      161   (9)     80 :  0.8636 0.1364 
162      162  (10)     80 :  0.8797 0.1203 
163      163   (0)     80 :  0.9766 0.0234 
164      164  (13)     80 :  0.9499 0.0501 
165      165  (10)     80 :  0.5306 0.4694 
166      166  (10)     80 :  0.8558 0.1442 
167      167   (0)     80 :  0.8852 0.1148 
168      168  (10)     80 :  0.5200 0.4800 
